2
3
5
6-7
10
11
12
21
2
4
6
8
10
22
2a
180
8
10
12
14
15,17
1
24
1
12
14
6
5
7
9
12
14
16
18
26
1a
2
3
8
9
10
11
12
13
14
15
16
17a
17
18
19
20
21
22
23
24
25
26
27
28
29-29a
30-30a
31-31a
32-32a
18
1
2
3
4
5
7
9
11
13
1
1
2
3
4
7,8
10
3
5
7
9
11
13
1
1
3
5
7
9
11
13
15
17
19
19a
21
23
25
27
29
31
24
1
5
7
12
14
16
17
18
20
22
24
25
26a
26
39 bij
40
42
46a
46b
46
55
56
60
61
62
66
79
81
83
85
87a,b
92
94
95
99
100
102
106
109
42a/1
4 t.o
295
334

6
3a
16
31
34
1
3
4
13
15
17
29
9
11
27
29
31
32
33
35
37
47
1
2
5
7
8
9
11
13
3/21
4
5a
6
7
8
9
10
11
12-12a
13-13a
14a
14
15-15a
16
17a
17
18
19-19a
20-20a
21-21a
22-22a
23-23a
28
30
37-39
42
50
60
67
69
75
77
79
81
89
92
95
97
99
101
103
105
107
109
82/1a
ong
2
4-6
15-17
19-21
29-31
35-37
41
45
47
49
1a
2
4
6,8,8a
9
10
10a
12-12a
14

1
1 bij
1
4 bij
4
7
10
12
26
28
30
32
40
42
44
52
54
56
58
60
62
64
66
68
70
78
80
82
84
86
88
90
92
94
96
98
102
104
106
108
124
166
20
2a-h
4
5-5a
6
7
8
9-9a
10
11-11a
12a-b
13-13a
14
15-15a
16
17-17a
18
19
20
24-26
25
4-4a
6
7
1
7
11
13
14
15
16
17
19
22
24
26
28
30
32
21/3
2
4
5
6
7
8
9
11
15-17
19
21/prt
21
23
25-27
30
31
32
33
34
35
36
57
59
61
1
2
3
1
2
1-1a
3
5
7
9
11-13
15
161
1
3
5
7
9
11
13
15
17
9
10
11
12
12a-14
13
15
16
26
10
13
17
19
21
23
25
27
29
31
ong.
19
1
2
3
4
5
6
7
8
9
10
11
12
1

7-7a
9-9a

